1.
Army Life
239
240
240
240
241
241
241
241
242
242
242
246
246
246
246
246
246
246
246
246
246
246
246
246
246
246
246
246
246
246
246
246
246
246
246
246
246
246
247
247
247
247
247
247

2.
British
239
239
240
240
240
241
241
241
242
244
244
244
244
244
244
245
245
246
246
246
247
248
248
248
248
249

3.
Information
Policy
239
240
240
240
240
240
240
240
240
240
240
240
240
240
240
240
241
241
241
241
241
241
241
241
241
241
241
241
242
242
242
243
244
244
244
244
244
244
244
244
244
244
245
245
245
246
246
246
246
246
246

4.
Second
Front
240
240
240
242
244
244
245
247
247
247
248
248
248
249

5.
Negroes
239
239
240
240
240
240
240
240
240
240
240
240
240
240
240
240
244
244
249
249
249
249
249
249
249
249
249

6.
Jews
241
241
242
243
243
244
244
244
244
247

7.
Defense
Organizations
a) Pay
b) Production
240 - a
241 - b
241 - b
241 - b
241 - b
241 - a
242 - b
242 - b
242 - a
244 - b
244 - b
244 - b
246 - b
246 - a
246 - a
246 - a
246 - a
246 - a
246 - a
246 - b
246
246
246
246 - b
247 - a

8.
War 
Bonds
243
243
245
245
248

Transcribed and reviewed by contributors participating in the By The People project at crowd.loc.gov.