1.        2.           3            4.                5               6              7         06,815          9         105_114
077,                             407,10,16    500             01             02     819,826   037, 047   3115, 125
122.                              14,             01,04,05     02,07    03    709   806,832  067, 091        1
                                      25,   31      10,41          609  100,701,708  814, 810  113, 131 126, 127
          268     310,373  437,439     544,552    22,33      07,711       827, 11   039          135,
          285     389          436, 444     565      629,34,35   719,713    28,30,31   119 --     149,065
                                    446,443,454            37, 55, 58    722, 723    20 ,  33    045        150, 34
                                   467,475                        663,52      724, 725          49,      101        624
                     349                                              1,37,        21, 16, 19    41,44,45   057       163
                     341        465,457                     665,68        740, 44       64, 878    075           78
                     392        478,467                      661,650     747, 48      889, 859  172, 584  77, 843
                     353        488,480     73,75       70  81 83   723, 720     895, 37    099          055
                     378                 81      78           679,82,84    52, 786      71, 91     051            137
                     386        485462      91,93      689,98,91   38,44            837        031            006
                                   476, 73       [575]       693,692      721                             150             140
                                  449,                               696,698     26, 81                        125             128
                                                                         697,699     94,91                         088             042
                                                                         695,661    739,86                        077             138
                                                                         687,665                                     080, 095        072
                                                                         666, 59                                       114               001
                                                                         667, 55                                       104               096
                                                                         680                                              096              112
                                      99                               699                                              046              081
                                                                                                                              078             063
                                                                                                                              025             135
                                                                                                                              159              116

Transcribed and reviewed by contributors participating in the By The People project at crowd.loc.gov.